JOBS 100
0 9 18 |  |
1 16 24 | 0 |
2 5 24 | 0 |
3 12 30 | 2 0 |
4 19 36 | 3 |
5 8 36 | 4 3 |
6 15 42 | 5 |
7 4 48 | 6 4 |
8 11 48 | 7 6 |
9 18 54 | 8 5 2 |
10 7 60 | 9 |
11 14 60 | 10 8 |
12 3 66 | 11 |
13 10 72 | 12 |
14 17 72 | 13 12 |
15 6 78 | 14 12 |
16 13 84 | 15 |
17 2 84 | 16 15 |
18 9 90 | 17 |
19 16 96 | 18 15 12 |
20 5 96 | 19 18 |
21 12 102 | 20 |
22 19 108 | 21 |
23 8 108 | 22 20 |
24 15 114 | 23 |
25 4 120 | 24 |
26 11 120 | 25 24 |
27 18 126 | 26 24 |
28 7 132 | 27 |
29 14 132 | 28 25 22 |
30 3 138 | 29 |
31 10 144 | 30 28 |
32 17 144 | 31 30 |
33 6 150 | 32 |
34 13 156 | 33 |
35 2 156 | 34 32 |
36 9 162 | 35 |
37 16 168 | 36 |
38 5 168 | 37 36 |
39 12 174 | 38 35 32 |
40 19 180 | 39 |
41 8 180 | 40 39 |
42 15 186 | 41 |
43 4 192 | 42 40 |
44 11 192 | 43 42 |
45 18 198 | 44 |
46 7 204 | 45 |
47 14 204 | 46 44 |
48 3 210 | 47 |
49 10 216 | 48 45 42 |
50 17 216 | 49 48 |
51 6 222 | 50 48 |
52 13 228 | 51 |
53 2 228 | 52 51 |
54 9 234 | 53 |
55 16 240 | 54 52 |
56 5 240 | 55 54 |
57 12 246 | 56 |
58 19 252 | 57 |
59 8 252 | 58 55 52 |
60 15 258 | 59 |
61 4 264 | 60 |
62 11 264 | 61 60 |
63 18 270 | 62 60 |
64 7 276 | 63 |
65 14 276 | 64 63 |
66 3 282 | 65 |
67 10 288 | 66 64 |
68 17 288 | 67 66 |
69 6 294 | 68 65 62 |
70 13 300 | 69 |
71 2 300 | 70 68 |
72 9 306 | 71 |
73 16 312 | 72 |
74 5 312 | 73 72 |
75 12 318 | 74 72 |
76 19 324 | 75 |
77 8 324 | 76 75 |
78 15 330 | 77 |
79 4 336 | 78 75 72 |
80 11 336 | 79 78 |
81 18 342 | 80 |
82 7 348 | 81 |
83 14 348 | 82 80 |
84 3 354 | 83 |
85 10 360 | 84 |
86 17 360 | 85 84 |
87 6 366 | 86 84 |
88 13 372 | 87 |
89 2 372 | 88 85 82 |
90 9 378 | 89 |
91 16 384 | 90 88 |
92 5 384 | 91 90 |
93 12 390 | 92 |
94 19 396 | 93 |
95 8 396 | 94 92 |
96 15 402 | 95 |
97 4 408 | 96 |
98 11 408 | 97 96 |
99 18 414 | 98 95 92 |
